3.297000
3.692000
4.063000
4.458000
4.853000
5.224000
5.596000
5.991000
6.385000
6.780000
7.175000
7.546000
7.918000
8.290000
8.684000
9.079000
9.451000
9.799000
9.915000
10.170000
10.310000
10.519000
10.704000
10.867000
11.099000
11.238000
11.494000
11.610000
11.865000
12.260000
12.655000
13.026000
13.421000
13.793000
14.164000
14.536000
14.930000
15.325000
15.743000
16.138000
16.533000
16.904000
17.299000
17.694000
18.112000
18.553000
18.901000
19.273000
19.644000
20.039000
20.434000
20.782000
21.153000
21.595000
21.989000
22.384000
22.779000
23.150000
23.545000
23.940000
24.335000
24.729000
25.101000
25.496000
25.867000
26.285000
26.657000
27.005000
27.400000
27.841000
28.235000
28.630000
29.002000
29.396000
29.791000
30.186000
30.581000
30.952000
31.347000
31.742000
32.113000
32.508000
32.903000
33.297000
33.692000
34.087000
34.458000
34.853000
35.248000
35.643000
36.037000
36.409000
36.804000
37.198000
37.570000
37.965000
38.359000
38.731000
39.149000
39.544000
39.915000
40.310000
40.705000
41.099000
41.471000
41.866000
42.260000
42.655000
43.027000
43.421000
43.816000
44.211000
44.582000
44.977000
45.372000
45.767000
46.161000
46.533000
46.928000
47.322000
47.717000
48.089000
48.483000
48.878000
49.250000
49.644000
50.039000
50.434000
50.828000
51.223000
51.618000
52.013000
52.384000
52.779000
53.150000
53.545000
53.940000
54.311000
54.683000
55.055000
55.426000
55.774000
56.123000
56.471000
56.587000
56.819000
57.237000
57.655000
58.027000
58.398000
58.723000
59.072000
59.397000
59.791000
60.186000
60.581000
60.952000
61.324000
61.695000
62.113000
62.508000
62.926000
63.298000
63.669000
64.110000
64.482000
64.853000
65.248000
65.620000
66.014000
66.409000
66.781000
67.152000
67.500000
67.872000
68.220000
68.569000
68.963000
69.335000
69.730000
70.124000
70.473000
70.844000
71.192000
71.541000
71.866000
72.260000
72.655000
73.050000
73.421000
73.816000
74.188000
74.559000
74.977000
75.349000
75.743000
76.138000
76.533000
76.928000
77.322000
77.694000
78.089000
78.460000
78.878000
79.273000
79.621000
80.039000
80.434000
80.829000
81.223000
81.595000
81.990000
82.361000
82.756000
83.151000
83.545000
83.940000
84.335000
84.706000
85.101000
85.449000
85.844000
86.262000
86.657000
87.052000
87.446000
87.818000
88.213000
88.607000
89.002000
89.397000
89.768000
90.163000
90.558000
90.953000
91.347000
91.719000
92.114000
92.508000
92.880000
93.275000
93.693000
94.064000
94.459000
94.854000
95.225000
95.620000
95.991000
96.409000
96.804000
97.199000
97.570000
97.965000
98.360000
98.754000
99.126000
99.521000
99.915000
100.310000
100.705000
101.100000
101.494000
101.889000
102.284000
102.655000
103.027000
103.422000
103.793000
104.165000
104.559000
104.931000
105.302000
105.697000
106.069000
106.440000
106.812000
107.207000
107.601000
107.973000
108.344000
108.739000
109.111000
109.482000
109.830000
110.248000
110.620000
110.991000
111.363000
111.758000
112.152000
112.524000
112.895000
113.290000
113.662000
114.056000
114.428000
114.799000
115.194000
115.566000
115.937000
116.332000
116.703000
117.075000
117.447000
117.841000
118.213000
118.608000
118.979000
119.374000
119.745000
120.117000
120.488000
120.883000
121.255000
121.626000
121.998000
122.392000
122.787000
123.159000
123.530000
123.925000
124.296000
124.668000
125.039000
125.434000
125.806000
126.200000
126.572000
126.967000
127.361000
127.733000
128.104000
128.476000
128.848000
129.242000
129.614000
129.985000
130.380000
130.752000
131.146000
131.518000
131.889000
132.261000
132.656000
133.027000
133.422000
133.793000
134.165000
134.560000
134.931000
135.303000
135.697000
136.069000
136.464000
136.835000
137.207000
137.601000
137.973000
138.344000
138.716000
139.111000
139.505000
139.877000
140.249000
140.643000
141.015000
141.386000
141.758000
142.129000
142.501000
142.896000
143.290000
143.662000
144.057000
144.428000
144.800000
145.194000
145.566000
145.937000
146.332000
146.704000
147.098000
147.470000
147.841000
148.213000
148.608000
148.979000
149.374000
149.745000
150.117000
150.489000
150.883000
151.255000
151.626000
152.021000
152.393000
152.764000
153.159000
153.530000
153.925000
154.297000
154.691000
155.063000
155.434000
155.829000
156.201000
156.572000
156.944000
157.338000
157.733000
158.105000
158.476000
158.871000
159.242000
159.614000
159.985000
160.380000
160.752000
161.123000
161.495000
161.890000
162.284000
162.656000
163.027000
163.422000
163.794000
164.188000
164.560000
164.955000
165.326000
165.698000
166.069000
166.464000
166.835000
167.207000
167.578000
167.950000
168.345000
168.739000
169.111000
169.482000
169.877000
170.249000
170.620000
171.015000
171.386000
171.758000
172.130000
172.524000
172.896000
173.291000
173.662000
174.057000
174.428000
174.800000
175.171000
175.566000
175.938000
176.332000
176.704000
177.099000
177.470000
177.842000
178.213000
178.608000
178.979000
179.351000
179.722000
180.117000
180.512000
180.883000
181.255000
181.626000
182.021000
182.393000
182.764000
183.159000
183.531000
183.925000
184.297000
184.668000
185.063000
185.435000
185.806000
186.201000
186.572000
186.944000
187.315000
187.710000
188.105000
188.476000
188.848000
189.243000
189.614000
189.986000
190.380000
190.752000
191.123000
191.495000
191.890000
192.284000
192.656000
193.027000
193.399000
193.794000
194.165000
194.537000
194.932000
195.326000
195.698000
196.069000
196.441000
196.812000
197.207000
197.579000
197.950000
198.345000
198.740000
199.111000
199.483000
199.877000
200.249000
200.620000
201.015000
201.387000
201.758000
202.153000
202.524000
202.896000
203.267000
203.662000
204.034000
204.428000
204.800000
205.172000
205.566000
205.961000
206.356000
206.727000
207.076000
207.470000
207.842000
208.213000
208.608000
208.980000
209.351000
209.723000
210.117000
210.489000
210.884000
211.255000
211.603000
211.998000
212.393000
212.764000
213.159000
213.554000
213.925000
214.297000
214.668000
215.040000
215.435000
215.829000
216.201000
216.573000
216.967000
217.339000
217.710000
218.105000
218.477000
218.848000
219.220000
219.614000
219.986000
220.381000
220.752000
221.124000
221.518000
221.890000
222.261000
222.656000
223.028000
223.399000
223.771000
224.165000
224.560000
224.932000
225.303000
225.698000
226.069000
226.464000
226.836000
227.207000
227.602000
227.974000
228.345000
228.740000
229.111000
229.483000
229.854000
230.249000
230.621000
230.992000
231.387000
231.782000
232.153000
232.525000
232.896000
233.291000
233.662000
234.057000
234.429000
234.777000
235.172000
235.566000
235.938000
236.333000
236.704000
237.076000
237.447000
237.842000
238.214000
238.608000
238.980000
239.375000
239.746000
240.118000
240.489000
240.884000
241.279000
241.650000
241.998000
242.393000
242.788000
243.159000
243.531000
243.902000
244.297000
244.669000
245.040000
245.435000
245.806000
246.201000
246.573000
246.967000
247.339000
247.710000
248.082000
248.477000
248.871000
249.243000
249.615000
249.986000
250.381000
250.752000
251.124000
251.519000
251.890000
252.285000
252.656000
253.028000
253.423000
253.794000
254.166000
254.560000
254.932000
255.303000
255.675000
256.070000
256.464000
256.836000
257.207000
257.579000
257.974000
258.345000
258.740000
259.111000
259.483000
259.878000
260.249000
260.621000
261.016000
261.387000
261.759000
262.153000
262.525000
262.896000
263.291000
263.663000
264.057000
264.429000
264.800000
265.195000
265.567000
265.938000
266.333000
266.704000
267.099000
267.471000
267.842000
268.237000
268.608000
268.980000
269.351000
269.746000
270.118000
270.512000
270.884000
271.256000
271.650000
272.022000
272.393000
272.765000
273.160000
273.554000
273.926000
274.297000
274.692000
275.064000
275.435000
275.830000
276.201000
276.596000
276.968000
277.339000
277.711000
278.082000
278.477000
278.872000
279.243000
279.615000
279.986000
280.381000
280.752000
281.147000
281.519000
