0.700000
3.300000
3.800000
4.680000
4.860000
5.400000
5.580000
8.120000
8.640000
9.700000
11.120000
11.820000
14.360000
14.540000
15.620000
16.460000
17.860000
18.020000
18.500000
19.600000
20.380000
20.720000
21.140000
21.580000
22.720000
23.500000
24.260000
25.020000
25.820000
26.600000
27.340000
28.200000
28.940000
29.720000
30.520000
32.080000
32.840000
33.600000
34.400000
35.180000
35.960000
36.740000
37.540000
39.100000
39.500000
39.880000
40.260000
40.640000
41.020000
41.440000
41.820000
42.200000
42.580000
42.940000
43.340000
43.760000
44.160000
44.540000
44.940000
45.300000
45.700000
46.080000
46.460000
46.860000
47.260000
47.640000
48.020000
48.420000
48.820000
49.180000
49.560000
49.980000
50.380000
50.760000
51.160000
51.540000
51.940000
52.300000
52.660000
53.020000
53.400000
53.740000
54.640000
55.040000
55.420000
56.140000
56.560000
57.220000
57.600000
58.000000
59.140000
59.520000
60.540000
60.940000
61.280000
61.660000
62.460000
62.880000
63.620000
63.800000
64.080000
64.280000
64.500000
65.260000
65.540000
65.700000
65.980000
66.640000
67.140000
67.880000
68.700000
70.420000
70.800000
71.560000
72.660000
73.780000
74.160000
74.580000
74.940000
76.100000
76.460000
76.860000
77.240000
78.000000
78.440000
78.780000
79.620000
80.400000
80.780000
81.160000
81.940000
82.340000
82.740000
83.500000
84.260000
85.020000
85.780000
86.580000
87.360000
89.740000
90.500000
91.260000
92.000000
92.860000
94.820000
95.200000
95.580000
95.980000
96.360000
97.160000
97.540000
97.920000
98.320000
98.720000
99.100000
99.480000
99.860000
100.260000
100.640000
101.040000
101.420000
102.240000
102.640000
103.360000
103.740000
104.140000
104.520000
104.900000
105.660000
106.040000
106.420000
107.180000
107.560000
107.940000
108.700000
109.440000
110.180000
112.480000
113.240000
114.000000
114.400000
114.780000
115.500000
115.880000
116.280000
116.660000
117.040000
117.420000
117.800000
118.180000
118.940000
120.860000
122.740000
123.120000
123.880000
124.640000
125.780000
126.540000
126.920000
127.300000
127.700000
128.060000
128.800000
129.180000
129.540000
129.940000
130.320000
130.720000
131.100000
131.480000
131.840000
132.240000
132.620000
133.000000
133.380000
133.760000
134.140000
134.900000
135.640000
136.400000
137.160000
137.920000
138.680000
139.460000
139.840000
140.220000
140.940000
141.700000
142.460000
143.220000
143.980000
144.740000
147.040000
147.780000
148.560000
149.320000
150.080000
150.800000
151.580000
152.340000
152.800000
153.120000
155.020000
155.400000
155.780000
156.920000
157.700000
158.800000
159.560000
160.320000
161.060000
161.840000
162.600000
163.340000
164.140000
164.520000
164.880000
165.260000
165.640000
166.040000
167.180000
167.920000
168.300000
168.700000
169.060000
169.440000
169.800000
170.220000
170.600000
170.980000
171.360000
172.100000
172.480000
172.860000
173.240000
173.620000
173.980000
175.520000
175.900000
176.660000
177.060000
177.420000
178.180000
179.680000
180.460000
181.200000
181.960000
182.720000
183.480000
184.240000
184.980000
185.740000
186.520000
187.280000
188.040000
188.800000
189.560000
190.320000
191.080000
191.840000
192.600000
193.360000
194.080000
194.880000
195.620000
196.400000
197.160000
197.900000
198.660000
199.420000
200.180000
200.940000
201.680000
202.420000
203.220000
204.660000
205.140000
205.500000
206.240000
206.660000
207.020000
207.400000
207.780000
208.180000
208.560000
209.320000
209.720000
210.080000
210.460000
210.840000
211.200000
211.580000
211.940000
212.340000
212.740000
213.120000
213.500000
213.880000
214.640000
215.020000
215.400000
215.760000
216.160000
216.520000
216.920000
217.300000
217.680000
218.420000
219.160000
219.900000
220.680000
221.440000
222.200000
222.960000
223.720000
224.480000
225.240000
226.000000
226.780000
227.520000
228.260000
229.040000
229.820000
230.560000
231.300000
232.060000
232.840000
233.600000
235.080000
235.880000
236.300000
236.680000
237.060000
237.420000
237.820000
238.200000
238.940000
239.320000
239.680000
240.060000
240.460000
240.840000
241.220000
242.340000
242.700000
243.120000
243.860000
245.020000
245.780000
246.520000
246.880000
247.220000
247.620000
247.980000
248.380000
249.200000
249.580000
249.960000
251.100000
251.840000
252.240000
253.380000
253.760000
254.840000
255.620000
256.380000
257.140000
257.900000
258.680000
259.420000
260.200000
260.600000
261.340000
261.720000
262.120000
262.500000
263.640000
264.020000
264.400000
265.160000
265.540000
265.920000
267.440000
267.820000
268.160000
268.580000
269.320000
269.720000
270.460000
270.840000
271.600000
271.960000
272.360000
273.120000
273.880000
274.640000
275.020000
275.780000
276.900000
277.660000
278.420000
279.160000
279.920000
280.340000
280.720000
281.100000
281.480000
282.240000
283.000000
283.760000
284.520000
285.300000
286.020000
286.400000
286.780000
287.540000
288.300000
289.060000
289.820000
290.220000
290.980000
292.120000
292.500000
292.860000
293.260000
293.640000
294.380000
295.140000
295.540000
295.920000
297.460000
297.920000
298.300000
299.920000
