3.297234
3.691973
4.063492
4.458231
4.852971
5.224490
5.596009
5.990748
6.385488
6.780227
7.174966
7.546485
7.918005
8.289524
8.684263
9.079002
9.450522
9.798821
10.170340
10.518639
10.866939
11.238458
11.609977
11.958277
12.306576
12.654875
13.026395
13.421134
13.792653
14.164172
14.535692
14.930431
15.325170
15.743129
16.137868
16.532608
16.927347
17.322086
17.716825
18.111565
18.552744
18.901043
19.272562
19.667302
20.062041
20.433560
20.781859
21.176599
21.617778
21.989297
22.384036
22.778776
23.173515
23.568254
23.962993
24.334512
24.729252
25.123991
25.495510
25.890249
26.284989
26.679728
27.028027
27.445986
27.840726
28.235465
28.630204
29.001723
29.396463
29.791202
30.185941
30.580680
30.952200
31.346939
31.741678
32.136417
32.531156
32.925896
33.320635
33.692154
34.086893
34.481633
34.853152
35.247891
35.642630
36.037370
36.432109
36.803628
37.198367
37.593107
37.987846
38.359365
38.754104
39.148844
39.543583
39.915102
40.309841
40.704580
41.099320
41.470839
41.865578
42.260317
42.655057
43.026576
43.421315
43.816054
44.210794
44.605533
44.977052
45.371791
45.766531
46.161270
46.532789
46.927528
47.322268
47.717007
48.088526
48.483265
48.878005
49.272744
49.667483
50.039002
50.433741
50.828481
51.223220
51.617959
52.012698
52.384218
52.778957
53.150476
53.545215
53.939955
54.334694
54.729433
55.100952
55.472472
55.843991
56.215510
56.587029
56.912109
57.237188
57.655147
58.026667
58.398186
58.723265
59.071565
59.396644
59.791383
60.186122
60.580862
60.975601
61.347120
61.741859
62.113379
62.508118
62.926077
63.297596
63.669116
64.110295
64.481814
64.853333
65.248073
65.642812
66.037551
66.432290
66.803810
67.175329
67.523628
67.871927
68.220227
68.568526
68.963265
69.334785
69.729524
70.124263
70.472562
70.844082
71.192381
71.540680
71.865760
72.283719
72.678458
73.049977
73.421497
73.816236
74.187755
74.559274
74.977234
75.348753
75.766712
76.138231
76.532971
76.927710
77.322449
77.693968
78.088707
78.483447
78.878186
79.272925
79.621224
80.039184
80.433923
80.828662
81.223401
81.618141
81.989660
82.384399
82.779138
83.150658
83.545397
83.963356
84.334875
84.706395
85.101134
85.449433
85.867392
86.285351
86.656871
87.051610
87.446349
87.841088
88.212608
88.607347
89.002086
89.396825
89.791565
90.186304
90.581043
90.952562
91.347302
91.742041
92.113560
92.508299
92.903039
93.297778
93.692517
94.087256
94.458776
94.853515
95.248254
95.642993
96.014512
96.409252
96.803991
97.198730
97.570249
97.964989
98.359728
98.754467
99.149206
99.543946
99.938685
100.310204
100.704943
101.099683
101.494422
101.889161
102.283900
102.655420
103.026939
103.421678
103.793197
104.187937
104.559456
104.930975
105.302494
105.697234
106.068753
106.463492
106.835011
107.206531
107.601270
107.972789
108.344308
108.739048
109.110567
109.482086
109.853605
110.248345
110.643084
111.014603
111.386122
111.757642
112.152381
112.523900
112.895420
113.290159
113.684898
114.056417
114.427937
114.799456
115.194195
115.565714
115.937234
116.331973
116.703492
117.098231
117.469751
117.841270
118.236009
118.607528
118.979048
119.373787
119.745306
120.140045
120.511565
120.883084
121.277823
121.649342
122.020862
122.392381
122.787120
123.158639
123.530159
123.924898
124.296417
124.691156
125.062676
125.457415
125.828934
126.200454
126.571973
126.966712
127.361451
127.732971
128.104490
128.499229
128.870748
129.242268
129.613787
130.008526
130.380045
130.751565
131.146304
131.517823
131.889342
132.284082
132.655601
133.050340
133.421859
133.793379
134.164898
134.559637
134.954376
135.325896
135.697415
136.068934
136.463673
136.835193
137.229932
137.601451
137.972971
138.344490
138.739229
139.110748
139.505488
139.877007
140.248526
140.643265
141.014785
141.386304
141.781043
142.152562
142.524082
142.918821
143.290340
143.661859
144.056599
144.428118
144.822857
145.194376
145.565896
145.937415
146.332154
146.703673
147.098413
147.469932
147.841451
148.236190
148.607710
149.002449
149.373968
149.745488
150.117007
150.488526
150.883265
151.254785
151.626304
152.021043
152.392562
152.764082
153.158821
153.553560
153.925079
154.319819
154.691338
155.062857
155.434376
155.829116
156.200635
156.572154
156.943673
157.338413
157.733152
158.104671
158.476190
158.870930
159.242449
159.613968
159.985488
160.380227
160.774966
161.146485
161.518005
161.889524
162.284263
162.655782
163.027302
163.422041
163.793560
164.188299
164.559819
164.954558
165.326077
165.697596
166.069116
166.463855
166.835374
167.206893
167.578413
167.949932
168.344671
168.739410
169.110930
169.505669
169.877188
170.248707
170.620227
171.014966
171.386485
171.781224
172.152744
172.524263
172.919002
173.290522
173.662041
174.056780
174.428299
174.799819
175.194558
175.566077
175.937596
176.332336
176.703855
177.098594
177.470113
177.864853
178.236372
178.607891
178.979410
179.350930
179.745669
180.140408
180.511927
180.883447
181.254966
181.649705
182.021224
182.392744
182.787483
183.159002
183.553741
183.925261
184.296780
184.691519
185.063039
185.434558
185.806077
186.200816
186.595556
186.967075
187.338594
187.733333
188.104853
188.476372
188.847891
189.242630
189.614150
190.008889
190.380408
190.751927
191.146667
191.518186
191.889705
192.284444
192.655964
193.027483
193.422222
193.793741
194.188481
194.560000
194.931519
195.326259
195.697778
196.069297
196.440816
196.835556
197.230295
197.601814
197.973333
198.344853
198.739592
199.111111
199.482630
199.877370
200.248889
200.620408
201.015147
201.386667
201.758186
202.152925
202.524444
202.919184
203.290703
203.685442
204.033741
204.428481
204.800000
205.194739
205.566259
205.960998
206.355737
206.727256
207.075556
207.470295
207.841814
208.236553
208.608073
209.002812
209.374331
209.745850
210.117370
210.512109
210.883628
211.255147
211.626667
212.021406
212.392925
212.764444
213.159184
213.553923
213.925442
214.296961
214.668481
215.040000
215.434739
215.829478
216.200998
216.572517
216.967256
217.338776
217.710295
218.105034
218.476553
218.848073
219.219592
219.614331
219.985850
220.380590
220.752109
221.146848
221.518367
221.889887
222.261406
222.656145
223.027664
223.422404
223.793923
224.188662
224.560181
224.931701
225.303220
225.697959
226.069478
226.464218
226.835737
227.230476
227.601995
227.973515
228.345034
228.739773
229.111293
229.482812
229.854331
230.249070
230.643810
231.015329
231.386848
231.781587
232.153107
232.524626
232.896145
233.290884
233.662404
234.057143
234.428662
234.776961
235.171701
235.566440
235.937959
236.332698
236.727438
237.098957
237.470476
237.865215
238.236735
238.608254
238.979773
239.374512
239.746032
240.117551
240.512290
240.883810
241.278549
241.650068
242.021587
242.393107
242.787846
243.159365
243.530884
243.925624
244.297143
244.691882
245.040181
245.434921
245.806440
246.201179
246.572698
246.967438
247.338957
247.733696
248.105215
248.476735
248.871474
249.242993
249.614512
250.009252
250.380771
250.752290
251.123810
251.518549
251.890068
252.284807
252.656327
253.027846
253.422585
253.794104
254.165624
254.560363
254.931882
255.326621
255.698141
256.069660
256.464399
256.835918
257.207438
257.602177
257.973696
258.345215
258.739955
259.111474
259.482993
259.877732
260.249252
260.643991
261.015510
261.387029
261.758549
262.153288
262.524807
262.919546
263.291066
263.685805
264.057324
264.428844
264.800363
265.195102
265.566621
265.961361
266.332880
266.727619
267.099138
267.470658
267.842177
268.236916
268.608435
268.979955
269.351474
269.746213
270.117732
270.512472
270.883991
271.278730
271.650249
272.021769
272.393288
272.788027
273.182766
273.554286
273.925805
274.320544
274.692063
275.063583
275.435102
275.829841
276.201361
276.596100
276.967619
277.339138
277.733878
278.105397
278.476916
278.871655
279.243175
279.637914
280.009433
280.380952
280.752472
281.147211
281.518730
