3.300000
4.800000
6.300000
7.800000
9.300000
10.800000
12.300000
13.800000
15.300000
16.800000
18.300000
19.800000
21.300000
22.800000
24.300000
25.800000
27.300000
28.800000
30.300000
31.800000
33.300000
34.800000
36.300000
37.800000
39.300000
40.800000
42.300000
43.800000
45.300000
46.800000
48.300000
49.800000
51.300000
52.800000
54.300000
55.800000
57.300000
58.800000
60.300000
61.800000
63.300000
64.800000
66.300000
67.800000
69.300000
70.800000
72.300000
73.800000
75.300000
76.800000
78.300000
79.800000
81.300000
82.800000
84.300000
85.800000
87.300000
88.800000
90.300000
91.800000
93.300000
94.800000
96.300000
97.800000
99.300000
100.800000
102.300000
103.800000
105.300000
106.800000
108.300000
109.800000
111.300000
112.800000
114.300000
115.800000
117.300000
118.800000
120.300000
121.800000
123.300000
124.800000
126.300000
127.800000
129.300000
130.800000
132.300000
133.800000
135.300000
136.800000
138.300000
139.800000
141.300000
142.800000
144.300000
145.800000
147.300000
148.800000
150.300000
151.800000
153.300000
154.800000
156.300000
157.800000
159.300000
160.800000
162.300000
163.800000
165.300000
166.800000
168.300000
169.800000
171.300000
172.800000
174.300000
175.800000
177.300000
178.800000
180.300000
181.800000
183.300000
184.800000
186.300000
187.800000
189.300000
190.800000
192.300000
193.800000
195.300000
196.800000
198.300000
199.800000
201.300000
202.800000
204.300000
205.800000
207.300000
208.800000
210.300000
211.800000
213.300000
214.800000
216.300000
217.800000
219.300000
220.800000
222.300000
223.800000
225.300000
226.800000
228.300000
229.800000
231.300000
232.800000
234.300000
235.800000
237.300000
238.800000
240.300000
241.800000
243.300000
244.800000
246.300000
247.800000
249.300000
250.800000
252.300000
253.800000
255.300000
256.800000
258.300000
259.800000
261.300000
262.800000
264.300000
265.800000
267.300000
268.800000
270.300000
271.800000
273.300000
274.800000
276.300000
277.800000
279.300000
280.800000
282.300000
283.800000
285.300000
286.800000
288.300000
289.800000
291.300000
292.800000
294.300000
295.800000
297.300000
298.800000
300.300000
301.800000
