8.289524
8.684263
9.102222
9.520181
9.914921
10.309660
10.704399
11.099138
11.493878
11.865397
12.260136
12.654875
13.026395
13.421134
13.792653
14.164172
14.535692
14.930431
15.348390
15.743129
16.137868
16.532608
16.904127
17.298866
17.693605
18.111565
18.552744
18.901043
19.272562
19.644082
20.038821
20.433560
20.781859
21.153379
21.594558
21.989297
22.384036
22.778776
23.150295
23.545034
23.939773
24.334512
24.729252
25.100771
25.495510
25.867029
26.284989
26.656508
27.004807
27.399546
27.840726
28.235465
28.630204
29.001723
29.396463
29.791202
30.185941
30.580680
30.952200
31.346939
31.741678
32.113197
32.507937
32.902676
33.297415
33.692154
34.086893
34.458413
34.853152
35.247891
35.642630
36.037370
36.408889
36.803628
37.198367
37.569887
37.964626
38.359365
38.730884
39.148844
39.543583
39.915102
40.309841
40.704580
41.099320
41.470839
41.865578
42.260317
42.655057
43.026576
43.421315
43.816054
44.210794
44.582313
44.977052
45.371791
45.766531
46.161270
46.532789
46.927528
47.322268
47.717007
48.088526
48.483265
48.878005
49.249524
49.644263
50.039002
50.433741
50.828481
51.223220
51.617959
52.012698
52.384218
52.778957
53.150476
53.545215
53.939955
54.311474
54.682993
55.054512
55.426032
55.774331
56.122630
56.470930
56.819229
57.237188
57.655147
58.026667
58.398186
58.723265
59.071565
59.396644
59.791383
60.186122
60.580862
60.952381
61.323900
61.695420
62.113379
62.508118
62.926077
63.297596
63.669116
64.110295
64.481814
64.853333
65.248073
65.619592
66.014331
66.409070
66.780590
67.152109
67.500408
67.871927
68.220227
68.568526
68.963265
69.334785
69.729524
70.124263
70.472562
70.844082
71.192381
71.540680
71.865760
72.260499
72.655238
73.049977
73.421497
73.816236
74.187755
74.559274
74.977234
75.348753
75.743492
76.138231
76.532971
76.927710
77.322449
77.693968
78.088707
78.460227
78.878186
79.272925
79.621224
80.039184
80.433923
80.828662
81.223401
81.594921
81.989660
82.361179
82.755918
83.150658
83.545397
83.940136
84.334875
84.706395
85.101134
85.449433
85.844172
86.262132
86.656871
87.051610
87.446349
87.817868
88.212608
88.607347
89.002086
89.396825
89.768345
90.163084
90.557823
90.952562
91.347302
91.718821
92.113560
92.508299
92.879819
93.274558
93.692517
94.064036
94.458776
94.853515
95.225034
95.619773
95.991293
96.409252
96.803991
97.198730
97.570249
97.964989
98.359728
98.754467
99.125986
99.520726
99.915465
100.310204
100.704943
101.099683
101.494422
101.889161
102.283900
102.655420
103.026939
103.421678
103.793197
104.164717
104.559456
104.930975
105.302494
105.697234
106.068753
106.440272
106.811791
107.206531
107.601270
107.972789
108.344308
108.739048
109.110567
109.482086
109.830385
110.248345
110.619864
110.991383
111.362902
111.757642
112.152381
112.523900
112.895420
113.290159
113.661678
114.056417
114.427937
114.822676
115.194195
115.565714
115.937234
116.331973
116.703492
117.075011
117.446531
117.841270
118.212789
118.607528
118.979048
119.373787
119.745306
120.116825
120.488345
120.883084
121.254603
121.626122
121.997642
122.392381
122.787120
123.158639
123.530159
123.924898
124.296417
124.667937
125.039456
125.434195
125.805714
126.200454
126.571973
126.966712
127.361451
127.732971
128.104490
128.476009
128.847528
129.242268
129.613787
129.985306
130.380045
130.751565
131.146304
131.517823
131.889342
132.260862
132.655601
133.027120
133.421859
133.793379
134.164898
134.559637
134.931156
135.302676
135.697415
136.068934
136.463673
136.835193
137.206712
137.601451
137.972971
138.344490
138.716009
139.110748
139.505488
139.877007
140.248526
140.643265
141.014785
141.386304
141.757823
142.129342
142.500862
142.895601
143.290340
143.661859
144.056599
144.428118
144.799637
145.194376
145.565896
145.937415
146.332154
146.703673
147.098413
147.469932
147.841451
148.212971
148.607710
148.979229
149.373968
149.745488
150.117007
150.488526
150.883265
151.254785
151.626304
152.021043
152.392562
152.764082
153.158821
153.530340
153.925079
154.296599
154.691338
155.062857
155.434376
155.829116
156.200635
156.572154
156.943673
157.338413
157.733152
158.104671
158.476190
158.870930
159.242449
159.613968
159.985488
160.380227
160.751746
161.123265
161.494785
161.889524
162.284263
162.655782
163.027302
163.422041
163.793560
164.188299
164.559819
164.954558
165.326077
165.697596
166.069116
166.463855
166.835374
167.206893
167.578413
167.949932
168.344671
168.739410
169.110930
169.482449
169.877188
170.248707
170.620227
171.014966
171.386485
171.758005
172.129524
172.524263
172.895782
173.290522
173.662041
174.056780
174.428299
174.799819
175.171338
175.566077
175.937596
176.332336
176.703855
177.098594
177.470113
177.841633
178.213152
178.607891
178.979410
179.350930
179.722449
180.117188
180.511927
180.883447
181.254966
181.626485
182.021224
182.392744
182.764263
183.159002
183.530522
183.925261
184.296780
184.668299
185.063039
185.434558
185.806077
186.200816
186.572336
186.943855
187.315374
187.710113
188.104853
188.476372
188.847891
189.242630
189.614150
189.985669
190.380408
190.751927
191.123447
191.494966
191.889705
192.284444
192.655964
193.027483
193.399002
193.793741
194.165261
194.536780
194.931519
195.326259
195.697778
196.069297
196.440816
196.812336
197.207075
197.578594
197.950113
198.344853
198.739592
199.111111
199.482630
199.877370
200.248889
200.620408
201.015147
201.386667
201.758186
202.152925
202.524444
202.895964
203.267483
203.662222
204.033741
204.428481
204.800000
205.171519
205.566259
205.960998
206.355737
206.727256
207.075556
207.470295
207.841814
208.213333
208.608073
208.979592
209.351111
209.722630
210.117370
210.488889
210.883628
211.255147
211.603447
211.998186
212.392925
212.764444
213.159184
213.553923
213.925442
214.296961
214.668481
215.063220
215.434739
215.829478
216.200998
216.572517
216.967256
217.338776
217.710295
218.105034
218.476553
218.848073
219.219592
219.614331
219.985850
220.380590
220.752109
221.123628
221.518367
221.889887
222.261406
222.656145
223.027664
223.399184
223.770703
224.165442
224.560181
224.931701
225.303220
225.697959
226.069478
226.464218
226.835737
227.207256
227.601995
227.973515
228.345034
228.739773
229.111293
229.482812
229.854331
230.249070
230.620590
230.992109
231.386848
231.781587
232.153107
232.524626
232.896145
233.290884
233.662404
234.057143
234.428662
234.776961
235.171701
235.566440
235.937959
236.332698
236.704218
237.075737
237.447256
237.841995
238.213515
238.608254
238.979773
239.374512
239.746032
240.117551
240.489070
240.883810
241.278549
241.650068
241.998367
242.393107
242.787846
243.159365
243.530884
243.902404
244.297143
244.668662
245.040181
245.434921
245.806440
246.201179
246.572698
246.967438
247.338957
247.710476
248.081995
248.476735
248.871474
249.242993
249.614512
249.986032
250.380771
250.752290
251.123810
251.518549
251.890068
252.284807
252.656327
253.027846
253.422585
253.794104
254.165624
254.560363
254.931882
255.303401
255.674921
256.069660
256.464399
256.835918
257.207438
257.578957
257.973696
258.345215
258.739955
259.111474
259.482993
259.877732
260.249252
260.620771
261.015510
261.387029
261.758549
262.153288
262.524807
262.896327
263.291066
263.662585
264.057324
264.428844
264.800363
265.195102
265.566621
265.938141
266.332880
266.704399
267.099138
267.470658
267.842177
268.236916
268.608435
268.979955
269.351474
269.746213
270.117732
270.512472
270.883991
271.255510
271.650249
272.021769
272.393288
272.764807
273.159546
273.554286
273.925805
274.297324
274.692063
275.063583
275.435102
275.829841
276.201361
276.596100
276.967619
277.339138
277.710658
278.082177
278.476916
278.871655
279.243175
279.614694
279.986213
280.380952
280.752472
281.147211
281.518730
