0.700000
4.860000
5.580000
9.700000
11.820000
16.460000
18.020000
20.720000
23.500000
25.020000
34.400000
37.540000
39.880000
41.440000
42.940000
44.540000
46.080000
47.640000
49.180000
50.760000
52.300000
53.740000
55.420000
57.220000
59.140000
61.280000
63.620000
64.080000
64.500000
65.540000
67.140000
70.420000
74.940000
76.860000
82.340000
85.780000
92.000000
94.820000
95.580000
96.360000
97.920000
99.480000
101.420000
103.360000
105.660000
106.420000
107.560000
108.700000
110.180000
113.240000
115.500000
116.280000
117.800000
120.860000
123.880000
128.060000
129.180000
130.320000
131.840000
133.380000
134.900000
137.920000
140.940000
143.980000
148.560000
151.580000
155.780000
157.700000
160.320000
163.340000
164.880000
165.640000
167.920000
169.440000
170.980000
172.860000
173.980000
177.420000
181.960000
184.980000
188.040000
191.080000
194.080000
197.160000
200.180000
203.220000
207.020000
209.320000
210.080000
211.580000
213.120000
216.160000
216.920000
219.900000
222.960000
226.000000
229.040000
232.060000
236.300000
237.420000
240.460000
242.340000
243.860000
245.780000
247.220000
247.980000
249.960000
251.840000
253.380000
256.380000
259.420000
261.720000
262.500000
264.400000
265.540000
267.440000
268.160000
269.320000
270.460000
271.600000
274.640000
275.780000
277.660000
280.720000
282.240000
283.760000
285.300000
288.300000
290.980000
292.500000
294.380000
297.920000
