3.300000
4.800000
5.550000
8.550000
8.925000
9.675000
10.425000
11.175000
11.925000
14.550000
14.925000
15.675000
16.800000
18.300000
18.675000
19.800000
21.300000
22.050000
23.550000
24.300000
25.050000
26.175000
26.550000
26.925000
27.675000
29.175000
30.675000
31.425000
32.925000
33.300000
33.675000
34.050000
34.425000
34.800000
35.175000
35.550000
35.925000
36.300000
36.675000
37.050000
38.550000
40.050000
41.550000
41.925000
42.300000
42.675000
43.050000
43.425000
43.800000
44.175000
44.550000
45.300000
46.050000
46.425000
46.800000
47.925000
49.425000
50.925000
51.675000
52.050000
52.425000
52.800000
53.925000
55.425000
56.925000
57.300000
57.675000
58.425000
58.800000
61.800000
62.550000
63.675000
64.050000
64.800000
65.550000
67.800000
68.175000
68.925000
69.300000
69.675000
70.425000
70.800000
71.175000
71.925000
73.425000
74.175000
74.925000
75.300000
75.675000
76.050000
76.425000
76.800000
79.050000
80.175000
80.925000
81.300000
82.050000
82.800000
83.550000
84.300000
84.675000
85.050000
85.800000
86.550000
87.300000
88.425000
91.050000
91.425000
92.175000
92.550000
92.925000
93.675000
94.050000
94.425000
95.175000
95.550000
95.925000
96.300000
96.675000
97.800000
99.675000
100.425000
100.800000
101.175000
101.550000
103.050000
103.425000
104.175000
104.925000
105.300000
105.675000
106.425000
107.925000
108.300000
108.675000
109.050000
109.425000
110.550000
110.925000
111.300000
111.675000
112.425000
113.175000
113.550000
114.300000
114.675000
117.300000
118.800000
119.175000
119.925000
120.300000
121.800000
122.175000
122.550000
122.925000
124.050000
125.550000
126.300000
130.050000
130.425000
130.800000
131.550000
131.925000
132.300000
132.675000
133.050000
133.425000
133.800000
134.175000
134.550000
134.925000
135.300000
135.675000
136.050000
136.425000
136.800000
137.175000
137.550000
137.925000
138.300000
138.675000
139.050000
139.425000
139.800000
140.175000
140.550000
140.925000
141.300000
141.675000
142.050000
142.425000
142.800000
143.175000
143.550000
143.925000
144.300000
151.800000
152.175000
152.550000
154.050000
154.425000
154.800000
155.550000
155.925000
156.300000
156.675000
157.050000
157.425000
157.800000
158.175000
158.550000
158.925000
159.300000
159.675000
160.050000
160.425000
161.550000
161.925000
162.675000
165.300000
167.925000
169.425000
170.175000
172.425000
173.175000
173.550000
175.050000
175.800000
176.175000
176.550000
178.050000
178.800000
179.175000
183.300000
185.175000
187.050000
187.800000
188.175000
188.550000
188.925000
190.050000
190.800000
191.550000
192.675000
193.050000
193.800000
194.550000
196.050000
196.800000
197.550000
199.050000
200.175000
200.550000
200.925000
201.675000
202.050000
202.425000
203.175000
203.925000
206.175000
209.175000
212.175000
217.050000
217.425000
217.800000
218.175000
218.550000
218.925000
219.300000
219.675000
220.050000
220.425000
220.800000
221.175000
222.300000
223.050000
223.425000
223.800000
224.925000
225.300000
225.675000
226.050000
226.425000
226.800000
227.175000
228.300000
228.675000
229.050000
229.425000
229.800000
230.175000
230.925000
231.300000
232.050000
232.425000
232.800000
233.550000
233.925000
234.300000
235.425000
236.925000
237.300000
238.050000
238.425000
240.300000
240.675000
241.425000
242.175000
242.550000
242.925000
243.300000
244.425000
245.550000
246.675000
247.800000
249.675000
250.050000
252.300000
252.675000
254.175000
254.550000
255.300000
255.675000
256.050000
257.550000
257.925000
258.675000
259.050000
260.925000
261.300000
261.675000
262.050000
262.425000
262.800000
263.175000
263.925000
264.300000
265.050000
267.300000
267.675000
268.425000
270.675000
271.050000
271.425000
272.175000
273.300000
273.675000
277.050000
278.175000
278.925000
279.300000
279.675000
280.425000
281.175000
283.425000
284.175000
284.925000
287.175000
290.550000
291.300000
291.675000
295.050000
295.800000
297.300000
