3.250794
8.080544
8.243084
8.614603
9.404082
9.496961
11.749297
12.492336
12.608435
12.840635
13.188934
13.351474
13.792653
14.326712
14.489252
14.860771
15.673469
16.393288
17.995465
18.459864
19.017143
19.156463
19.411882
19.551202
19.922721
20.224580
20.340680
20.340680
20.526440
20.712200
20.990839
21.106939
21.501678
21.687438
21.780317
21.873197
21.873197
22.662676
23.010975
23.475374
24.311293
24.682812
25.054331
25.216871
25.425850
25.588390
25.750930
25.867029
26.029569
26.215329
26.377868
26.586848
26.586848
26.726168
26.935147
27.213787
27.306667
27.422766
27.771066
27.910385
28.165805
28.537324
28.862404
29.257143
29.512562
29.930522
30.139501
30.534240
30.905760
31.300499
31.486259
31.672018
31.973878
32.415057
32.624036
32.833016
33.018776
33.552834
34.017234
34.156553
34.388753
34.620952
34.737052
35.155011
35.224671
35.480091
35.735510
35.944490
36.176689
36.687528
36.780408
37.082268
37.523447
37.709206
37.894966
38.103946
38.243265
38.336145
38.638005
38.846984
39.055964
39.264943
39.497143
39.822222
40.007982
40.240181
40.402721
40.611701
40.867120
41.029660
41.215420
41.331519
41.795918
41.958458
42.167438
42.399637
42.538957
42.956916
43.305215
43.699955
43.885714
44.117914
44.326893
44.466213
44.744853
44.860952
45.093152
45.278912
45.511111
45.743311
46.045170
46.393469
46.625669
46.788209
47.252608
47.554467
47.949206
48.390385
48.785125
49.133424
49.528163
49.992562
50.108662
50.387302
50.805261
51.060680
51.501859
56.169070
56.261950
56.517370
56.749569
57.028209
57.190748
57.353288
57.585488
57.724807
57.957007
58.096327
58.351746
58.653605
59.257324
59.257324
60.116463
60.511202
61.625760
62.066939
62.159819
62.438458
62.670658
62.879637
63.065397
63.599456
63.878095
64.063855
64.203175
64.551474
64.783673
64.922993
65.364172
65.364172
66.339410
67.848707
68.289887
68.452426
68.916825
69.125805
69.241905
69.590204
70.077823
70.426122
70.611882
70.774422
71.029841
71.262041
71.726440
72.005079
72.190839
72.399819
72.655238
72.957098
73.166077
73.351837
73.746576
73.955556
74.303855
74.466395
74.698594
74.884354
74.954014
75.279093
75.395193
75.673832
76.068571
76.486531
76.858050
77.229569
78.042268
78.158367
78.390567
78.599546
78.785306
79.203265
79.389025
79.551565
79.806984
79.946304
80.015964
80.248163
80.364263
80.689342
80.898322
81.176961
81.502041
81.757460
81.896780
82.314739
82.663039
83.057778
83.266757
83.429297
83.707937
83.893696
84.033016
84.288435
84.636735
84.868934
85.031474
85.240454
85.402993
85.751293
86.006712
86.192472
86.587211
86.958730
87.214150
87.353469
87.748209
88.003628
88.166168
88.328707
88.537687
88.700227
88.909206
89.164626
89.303946
89.559365
89.675465
89.954104
90.093424
90.302404
90.488163
90.673923
90.836463
91.068662
91.231202
91.416961
91.625941
91.858141
92.020680
92.252880
92.438639
92.647619
92.833379
93.065578
93.158458
93.344218
93.622857
93.855057
94.040816
94.156916
94.365896
94.574875
94.760635
94.992834
95.132154
95.341134
95.573333
95.759093
95.921633
96.177052
96.316372
96.571791
96.734331
96.920091
97.105850
97.268390
97.523810
97.709569
97.848889
98.127528
98.290068
98.475828
98.661587
98.893787
99.079546
99.288526
99.404626
99.613605
99.869025
100.078005
100.263764
100.426304
100.612063
100.844263
101.030023
101.842721
102.005261
102.121361
102.539320
102.794739
102.980499
103.375238
103.468118
103.653878
104.118277
104.234376
104.443356
104.629116
104.814875
105.047075
105.232834
105.465034
105.650794
105.790113
105.975873
106.184853
106.324172
106.602812
106.765351
106.951111
107.136871
107.345850
107.485170
107.717370
107.856689
108.042449
108.228209
108.460408
108.669388
108.855147
109.017687
109.180227
109.412426
109.598186
109.783946
110.178685
110.318005
110.503764
110.782404
110.875283
111.107483
111.316463
111.548662
111.711202
111.873741
112.013061
112.222041
112.454240
112.593560
112.779320
113.243719
113.359819
113.522358
114.009977
114.195737
114.915556
115.124535
115.240635
115.496054
115.681814
115.821134
116.239093
116.401633
116.657052
116.842812
117.028571
117.167891
117.353651
117.748390
117.934150
118.096689
118.352109
118.537868
118.700408
118.909388
119.071927
119.280907
119.489887
119.652426
119.814966
120.047166
120.256145
120.395465
120.604444
120.813424
120.952744
121.138503
121.324263
121.579683
121.765442
121.904762
122.160181
122.322721
122.508481
122.647800
122.880000
123.065760
123.297959
123.460499
123.669478
123.832018
124.017778
124.203537
124.412517
124.621497
124.737596
124.923356
125.318095
125.573515
125.689615
125.968254
126.154014
126.502313
126.897052
127.082812
128.801088
129.172608
129.567347
129.915646
130.287166
130.635465
131.076644
131.262404
131.401723
131.657143
131.819683
132.051882
132.214422
132.400181
132.539501
132.818141
132.980680
133.166440
133.352200
133.468299
133.654059
133.932698
134.118458
134.234558
134.513197
134.629297
134.884717
135.256236
135.650975
135.976054
136.138594
136.417234
136.556553
136.719093
136.974512
137.137052
137.253152
137.531791
137.647891
137.903311
138.135510
138.298050
138.483810
138.669569
138.808889
139.064308
139.180408
139.459048
139.598367
139.807347
139.969887
140.202086
140.341406
140.596825
140.759365
140.898685
141.316644
141.688163
142.082902
142.291882
142.431202
142.616961
142.849161
143.058141
143.197460
143.615420
143.801179
143.986939
144.103039
144.381678
144.706757
144.962177
145.078277
145.473016
145.705215
145.867755
146.076735
146.285714
146.471474
146.657234
146.842993
147.028753
147.144853
147.423492
147.771791
147.957551
148.120091
148.282630
148.561270
148.932789
149.141769
149.327528
149.490068
149.629388
149.884807
150.070567
150.186667
150.442086
150.627846
150.836825
150.952925
151.161905
151.510204
151.719184
151.974603
152.160363
152.926621
153.089161
153.855420
154.250159
154.366259
154.552018
154.760998
154.946757
155.155737
155.364717
155.759456
155.921995
156.107755
156.316735
156.479274
156.711474
156.897234
157.106213
157.268753
157.454512
157.617052
157.849252
158.058231
158.406531
158.801270
158.963810
159.126349
159.312109
159.544308
159.753288
159.915828
160.310567
160.449887
160.658866
160.844626
161.007166
161.262585
161.448345
161.610884
161.796644
162.005624
162.168163
162.400363
162.586122
162.795102
162.911202
163.305941
163.514921
163.654240
164.141859
164.327619
164.490159
165.442177
165.836916
166.022676
166.347755
166.579955
166.742494
166.905034
167.160454
167.346213
167.485533
167.880272
168.066032
168.228571
168.483991
168.623311
168.809070
169.041270
169.412789
169.598549
169.830748
169.970068
170.202268
170.364807
170.550567
170.759546
170.922086
171.084626
171.293605
171.456145
171.711565
171.897324
172.083084
172.292063
172.454603
172.640363
172.779683
172.965442
173.081542
173.174422
173.406621
173.592381
173.824580
173.963900
174.149660
174.312200
174.730159
174.846259
175.055238
175.496417
175.705397
175.891156
176.053696
176.262676
176.448435
176.657415
177.028934
177.400454
178.097052
178.491791
178.677551
178.840091
179.234830
179.490249
179.676009
179.861769
179.977868
180.210068
180.372608
180.604807
180.767347
181.138866
181.371066
181.510385
181.765805
181.974785
182.346304
182.485624
182.717823
182.903583
183.042902
183.251882
183.437642
183.646621
183.785941
184.227120
184.552200
184.784399
184.993379
185.132698
185.318458
185.550658
185.689977
185.922177
186.061497
186.293696
186.456236
186.711655
186.897415
187.013515
187.222494
187.663673
187.849433
188.011973
188.429932
188.546032
188.755011
188.963991
189.172971
189.405170
189.567710
189.939229
190.264308
190.635828
190.868027
191.402086
191.564626
191.820045
192.214785
192.354104
192.609524
192.981043
193.306122
193.700862
193.863401
194.420680
194.652880
194.838639
195.186939
195.395918
195.628118
195.976417
196.371156
196.719456
197.532154
197.694694
197.857234
198.251973
199.018231
199.412971
199.807710
200.179229
200.481088
200.945488
201.108027
201.247347
201.502766
202.431565
202.849524
203.383583
203.592562
203.847982
203.964082
204.265941
204.405261
204.730340
204.939320
205.055420
205.450159
206.077098
206.634376
206.982676
207.052336
207.563175
207.748934
208.190113
208.515193
208.515193
208.700952
209.095692
209.490431
209.652971
210.024490
210.442449
210.628209
210.813968
211.185488
211.557007
211.998186
212.160726
212.694785
213.019864
213.832562
214.204082
214.575601
215.202540
215.574059
215.759819
215.922358
216.711837
216.897596
217.199456
217.617415
218.035374
218.151474
218.314014
218.430113
218.546213
218.708753
218.917732
219.103492
219.103492
219.916190
220.218050
220.218050
220.659229
221.030748
221.193288
221.379048
221.611247
221.773787
221.936327
222.145306
222.958005
223.259864
223.677823
224.490522
224.676281
224.815601
225.233560
225.605079
225.976599
226.417778
226.742857
227.160816
227.346576
227.694875
228.089615
228.252154
228.879093
229.064853
229.436372
229.738231
230.132971
230.318730
230.736689
230.852789
231.317188
232.060227
232.501406
232.826485
233.778503
233.987483
234.126803
234.544762
234.707302
235.496780
235.636100
235.891519
236.239819
236.448798
236.657778
236.843537
236.959637
237.238277
237.354376
237.702676
237.911655
238.167075
238.561814
238.863673
239.095873
239.304853
239.490612
239.676372
239.838912
240.047891
240.419410
240.837370
240.953469
241.208889
241.603628
241.719728
241.905488
242.277007
242.509206
242.741406
242.903946
243.043265
243.484444
243.670204
243.832744
243.972063
244.250703
244.622222
244.831202
244.924082
245.202721
245.318821
245.574240
245.736780
246.154739
246.270839
247.083537
247.315737
247.849796
248.035556
248.430295
248.592834
248.801814
248.964354
249.173333
249.359093
249.498413
249.846712
250.102132
250.241451
250.612971
250.845170
251.030930
251.263129
251.425669
252.215147
252.563447
252.818866
253.190385
253.329705
253.747664
253.910204
254.049524
254.513923
254.630023
254.885442
255.047982
255.419501
255.605261
255.837460
256.023220
256.116100
256.417959
256.766259
256.975238
257.160998
257.462857
257.741497
257.904036
258.113016
258.298776
258.438095
258.670295
259.041814
259.250794
259.436553
259.645533
260.109932
260.504671
260.760091
260.899410
261.108390
261.247710
261.503129
261.642449
261.921088
262.037188
262.269388
262.664127
262.780227
263.058866
263.198186
263.430385
263.569705
263.801905
263.918005
264.382404
264.544943
264.753923
265.055782
265.334422
265.496961
266.286440
266.634739
266.774059
267.029478
267.331338
267.586757
267.749297
268.376236
268.538776
268.887075
269.119274
269.235374
269.514014
269.699773
269.885533
270.024853
270.257052
270.466032
270.651791
270.837551
271.000091
271.209070
271.325170
271.603810
271.766349
271.975329
272.323628
272.904127
273.670385
273.856145
274.250884
274.599184
274.761723
274.993923
275.319002
275.922721
276.526440
276.642540
276.897959
277.269478
277.432018
278.407256
279.707574
279.916553
280.311293
280.450612
280.706032
280.845351
281.054331
281.425850
281.634830
281.774150
282.029569
282.192109
282.610068
282.772608
282.958367
283.376327
283.469206
283.771066
284.119365
284.421224
285.048163
285.628662
285.744762
286.000181
286.371701
286.975420
287.184399
287.277279
287.463039
288.113197
288.298957
288.693696
288.833016
289.065215
290.179773
290.551293
290.876372
291.247891
291.642630
291.921270
292.060590
292.478549
292.594649
293.244807
293.616327
293.941406
294.150385
294.336145
294.730884
294.916644
295.125624
295.288163
295.520363
